0 0.049296875 0.6504296875 0.0948828125 0.2369140625
0 0.1594921875 0.6541796875 0.1218359375 0.2145703125
0 0.2697265625 0.595078125 0.1004296875 0.1894140625
0 0.321796875 0.7313671875 0.078125 0.0825
0 0.4278125 0.6537109375 0.0930078125 0.2359765625
0 0.5148046875 0.708125 0.09578125 0.14390625
0 0.6277734375 0.684375 0.09859375 0.1596875
0 0.7644921875 0.64484375 0.1227734375 0.2443359375
0 0.8840234375 0.6816015625 0.090234375 0.172734375
0 0.9724609375 0.636015625 0.055078125 0.2750390625
0 0.9529296875 0.4643359375 0.094140625 0.0916015625
0 0.848203125 0.5066796875 0.1004296875 0.08328125
0 0.6770703125 0.6053515625 0.1153125 0.325234375
0 0.5305859375 0.570859375 0.105078125 0.1447265625
0 0.48875 0.430390625 0.1218359375 0.1427734375
0 0.380859375 0.49921875 0.106953125 0.0683984375
0 0.1701953125 0.4643359375 0.1023046875 0.14
0 0.2864453125 0.389921875 0.126484375 0.2180859375
0 0.4059765625 0.3676171875 0.13484375 0.244140625
0 0.5245703125 0.304296875 0.107890625 0.125
0 0.6301171875 0.3741015625 0.1330078125 0.1976171875
0 0.733359375 0.3541015625 0.09765625 0.23203125
0 0.8044921875 0.37875 0.109765625 0.1659765625
0 0.9147265625 0.3652734375 0.09953125 0.138984375