0 0.05954861111111111 0.5720486111111112 0.09930555555555556 0.2534722222222223
0 0.15186631944444445 0.5988859953703703 0.16145833333333331 0.24016203703703698
0 0.2681857638888889 0.5641637731481481 0.13732638888888893 0.2080439814814814
0 0.30060763888888886 0.7058738425925926 0.09192708333333344 0.09707754629629628
0 0.4165364583333333 0.6535734953703705 0.1382812499999999 0.2510127314814814
0 0.4942708333333333 0.7267071759259259 0.12465277777777772 0.16464120370370372
0 0.609375 0.7251157407407407 0.12890625 0.18041087962962976
0 0.7496527777777777 0.7146990740740741 0.1659722222222224 0.267650462962963
0 0.8642361111111112 0.7774884259259259 0.12126736111111125 0.18793402777777768
0 0.9517361111111111 0.7516637731481481 0.09652777777777777 0.28110532407407396
0 0.9546875 0.580078125 0.09062499999999996 0.10923032407407396
0 0.8543836805555556 0.5975839120370371 0.11545138888888884 0.10185185185185186
0 0.6703559027777778 0.6590711805555556 0.17942708333333335 0.3462094907407407
0 0.5322916666666667 0.5934606481481481 0.13246527777777772 0.16493055555555558
0 0.509548611111111 0.4482060185185185 0.14817708333333335 0.1694155092592593
0 0.3934461805555556 0.49269386574074076 0.11909722222222219 0.09027777777777779
0 0.19071180555555556 0.4149305555555556 0.1284722222222222 0.16087962962962954
0 0.31649305555555557 0.36689814814814814 0.16545138888888888 0.24421296296296302
0 0.4394965277777778 0.3695023148148148 0.1815972222222222 0.26822916666666663
0 0.5655381944444444 0.33318865740740744 0.13203125000000004 0.14539930555555558
0 0.6592881944444444 0.4244791666666667 0.16892361111111098 0.22482638888888895
0 0.7627170138888889 0.4244068287037037 0.1421006944444445 0.24725115740740744
0 0.8299479166666667 0.4639756944444444 0.14071180555555562 0.18475115740740744
0 0.9395616319444444 0.47395833333333337 0.12087673611111116 0.16073495370370372