0 0.1004296875 0.722109375 0.126484375 0.39140625
0 0.21625 0.55796875 0.168359375 0.710390625
0 0.3650390625 0.7610546875 0.1330078125 0.323125
0 0.40875 0.3615625 0.1887890625 0.2580859375
0 0.498515625 0.7086328125 0.1413671875 0.43140625
0 0.614765625 0.7481640625 0.087421875 0.3653515625
0 0.711953125 0.7965234375 0.088359375 0.283515625
0 0.79890625 0.8467578125 0.0911328125 0.1942578125
0 0.9003125 0.7941015625 0.1301953125 0.279375
0 0.8203125 0.59125 0.1153125 0.3130078125
0 0.72359375 0.4880078125 0.126484375 0.2926171875
0 0.594765625 0.3637890625 0.185078125 0.2396875