0 0.606177662037037 0.583984375 0.2299189814814815 0.23663194444444446
0 0.6055555555555556 0.23072916666666668 0.22141203703703694 0.18940972222222224
0 0.23602430555555554 0.66875 0.2299189814814815 0.23663194444444446
0 0.08278356481481482 0.5371961805555556 0.16556712962962963 0.23810763888888875
0 0.4201099537037037 0.6273871527777778 0.2338831018518518 0.2407118055555555
0 0.6090133101851852 0.392578125 0.24973958333333335 0.25703125000000004
0 0.7967447916666667 0.36861979166666664 0.2260706018518519 0.24036458333333333
0 0.9202546296296297 0.5953993055555555 0.14374999999999982 0.2171875000000001
0 0.4208767361111111 0.44388020833333336 0.2338831018518519 0.2407118055555556
0 0.22773437500000002 0.3060763888888889 0.21354166666666669 0.18515625000000002
0 0.22903645833333333 0.48168402777777775 0.24181134259259257 0.24887152777777777
0 0.6233362268518519 0.7432725694444444 0.22158564814814818 0.2011284722222222
0 0.07816840277777778 0.3577690972222222 0.15633680555555557 0.21414930555555556