0 0.6481481481481481 0.38125 0.21875 0.22187500000000004
0 0.3015769675925926 0.3229021990740741 0.16796875 0.2192418981481481
0 0.6483651620370371 0.756958912037037 0.21875 0.22187500000000004
0 0.48119212962962965 0.892824074074074 0.22887731481481488 0.17951388888888875
0 0.6492332175925926 0.5690538194444444 0.22280092592592604 0.22598379629629628
0 0.462890625 0.34584780092592593 0.23900462962962954 0.24241898148148144
0 0.4814091435185185 0.158984375 0.22251157407407418 0.21817129629629628
0 0.7397280092592593 0.07040653935185184 0.20529513888888884 0.1408130787037037
0 0.4680989583333333 0.539308449074074 0.22280092592592593 0.22598379629629628
0 0.28841145833333337 0.7071325231481482 0.16767939814814814 0.2114293981481481
0 0.4615885416666667 0.7333767361111111 0.2309027777777778 0.23420138888888897
0 0.8108362268518519 0.3884693287037037 0.18344907407407396 0.21614583333333337
0 0.30070891203703703 0.8806568287037038 0.2021122685185185 0.19372106481481488