0 0.6345486111111112 0.029817708333333335 0.24565972222222232 0.05963541666666667
0 0.6482928240740741 0.11145833333333333 0.22352430555555558 0.14348958333333334
0 0.597728587962963 0.22643229166666667 0.19545717592592604 0.12213541666666661
0 0.736255787037037 0.26614583333333336 0.08897569444444464 0.08776041666666667
0 0.66796875 0.3783854166666667 0.24204282407407396 0.11744791666666665
0 0.7277922453703705 0.46054687499999997 0.15219907407407396 0.11145833333333333
0 0.7105034722222223 0.5752604166666666 0.16782407407407396 0.11249999999999982
0 0.6823640046296297 0.7141927083333333 0.2547743055555556 0.1455729166666666
0 0.7278645833333334 0.8325520833333333 0.17939814814814814 0.109375
0 0.6881510416666667 0.9233072916666667 0.2757523148148149 0.08072916666666652
0 0.515697337962963 0.919140625 0.09736689814814814 0.10390625000000009
0 0.5489728009259259 0.8131510416666667 0.08984375 0.11119791666666679
0 0.6362847222222222 0.6330729166666667 0.3328993055555556 0.1507812500000001
0 0.591869212962963 0.49114583333333334 0.15248842592592604 0.11927083333333333
0 0.4478443287037037 0.4615885416666667 0.15306712962962954 0.13489583333333333
0 0.5101996527777778 0.3477864583333333 0.07826967592592582 0.11432291666666661
0 0.4594907407407407 0.14166666666666666 0.1484375 0.11510416666666667
0 0.3935908564814815 0.2654947916666667 0.2275752314814814 0.14765625000000004
0 0.3784722222222222 0.38593750000000004 0.2514467592592593 0.16093749999999996
0 0.32631655092592593 0.5108072916666667 0.13310185185185186 0.12187499999999996
0 0.40241608796296297 0.6095052083333334 0.20833333333333337 0.15416666666666679
0 0.388671875 0.7141927083333334 0.23828125 0.12109375
0 0.41861979166666663 0.7826822916666667 0.17216435185185186 0.1244791666666667
0 0.4129050925925926 0.8927083333333334 0.14829282407407407 0.11119791666666679