0 0.08621238425925926 0.35872395833333337 0.1724247685185185 0.26432291666666674
0 0.22222222222222224 0.2963252314814815 0.22957175925925927 0.2064814814814815
0 0.5172019675925926 0.29678819444444443 0.23038194444444438 0.2611689814814815
0 0.6863859953703704 0.21724537037037037 0.25306712962962963 0.2107349537037037
0 0.10827546296296296 0.6032986111111112 0.20245949074074074 0.22170138888888902
0 0.166015625 0.793648726851852 0.2030381944444445 0.260763888888889
0 0.2931712962962963 0.7818576388888889 0.22583912037037035 0.21814236111111107
0 0.4336082175925926 0.664771412037037 0.2618634259259258 0.2772569444444444
0 0.6044560185185185 0.6047887731481482 0.2422164351851852 0.2691550925925925
0 0.781640625 0.64453125 0.21009837962962963 0.21009837962962963
0 0.9030815972222223 0.6228877314814815 0.18029513888888893 0.30729166666666674
0 0.7378616898148148 0.43485243055555556 0.22682291666666665 0.28454861111111107
0 0.8890046296296297 0.3862991898148148 0.21597222222222223 0.34296875000000004
0 0.2654513888888889 0.5431134259259259 0.1948784722222222 0.23721064814814818