0 0.1546875 0.755859375 0.17786458333333333 0.3984375
0 0.24861111111111112 0.583984375 0.2625868055555556 0.72265625
0 0.423046875 0.7734375 0.17508680555555556 0.3359375
0 0.412890625 0.369140625 0.2230902777777778 0.2734375
0 0.5471354166666667 0.708984375 0.19539930555555562 0.44140625
0 0.6694444444444445 0.736328125 0.1338541666666666 0.375
0 0.7728298611111111 0.77734375 0.12630208333333348 0.29296875
0 0.8645833333333333 0.8203125 0.11449652777777786 0.203125
0 0.9374565972222222 0.759765625 0.12508680555555562 0.29296875
0 0.8512586805555555 0.564453125 0.15876736111111112 0.3203125
0 0.7415364583333333 0.46875 0.16197916666666679 0.3046875
0 0.599782986111111 0.35546875 0.21440972222222232 0.25390625