0 0.19985532407407408 0.16277488425925926 0.39971064814814816 0.22398726851851852
0 0.37297453703703703 0.2543258101851852 0.7459490740740741 0.35037615740740735
0 0.19492187500000002 0.4331163194444445 0.3540798611111111 0.21704282407407405
0 0.5974392361111112 0.4128616898148148 0.30532407407407414 0.2534722222222222
0 0.26686921296296295 0.5563078703703703 0.4609664351851852 0.24985532407407396
0 0.24681712962962962 0.6786458333333334 0.38721064814814815 0.17980324074074083
0 0.21400462962962963 0.7826967592592593 0.3045717592592593 0.16383101851851833
0 0.17779224537037036 0.8767795138888889 0.21762152777777777 0.13984375000000004
0 0.24671585648148148 0.9334346064814815 0.3080729166666667 0.13313078703703707
0 0.43342013888888886 0.8567418981481482 0.3374421296296297 0.19670138888888888
0 0.5215277777777778 0.7438078703703703 0.32201967592592595 0.19979745370370372
0 0.6250289351851852 0.5983796296296297 0.28148148148148144 0.24444444444444446