0 0.1018359375 0.27734375 0.17390625 0.234765625
0 0.2706640625 0.243828125 0.1990234375 0.167734375
0 0.5598828125 0.2959765625 0.186015625 0.22734375
0 0.74265625 0.248515625 0.224140625 0.169609375
0 0.1046484375 0.5280859375 0.164609375 0.1930859375
0 0.128359375 0.7239453125 0.15625 0.2313671875
0 0.25578125 0.7341796875 0.1916015625 0.18484375
0 0.4133984375 0.6444140625 0.21296875 0.2396875
0 0.593359375 0.614609375 0.1934375 0.2359375
0 0.7603125 0.68578125 0.17765625 0.1773828125
0 0.91109375 0.6941796875 0.1778125 0.276015625
0 0.753828125 0.471796875 0.1794921875 0.251640625
0 0.9166796875 0.453671875 0.1666796875 0.312109375
0 0.2701953125 0.493203125 0.1571875 0.2088671875