0 0.8911603009259259 0.3245804398148148 0.19615162037037037 0.2489872685185185
0 0.7252170138888889 0.279296875 0.21223958333333348 0.18330439814814814
0 0.4319733796296296 0.31148726851851855 0.2074652777777778 0.24160879629629628
0 0.25512152777777775 0.25014467592592593 0.23567708333333326 0.18417245370370372
0 0.864525462962963 0.5740740740740741 0.18200231481481488 0.2016782407407407
0 0.825 0.7702546296296297 0.17621527777777768 0.24045138888888884
0 0.6978443287037037 0.769458912037037 0.20914351851851842 0.19878472222222232
0 0.5465567129629629 0.66796875 0.2354166666666666 0.2543402777777777
0 0.3706452546296296 0.6262297453703703 0.21568287037037037 0.24971064814814814
0 0.19933449074074072 0.6844618055555556 0.19311342592592595 0.1903935185185186
0 0.07206307870370371 0.6809172453703703 0.14412615740740742 0.2915219907407407
0 0.22404513888888888 0.4720775462962963 0.20086805555555554 0.2647569444444444
0 0.07864583333333333 0.44263599537037035 0.15729166666666666 0.3227719907407407
0 0.7044415509259259 0.5290075231481481 0.17499999999999982 0.21701388888888884