0 0.404296875 0.373046875 0.19921875 0.19921875
0 0.353515625 0.72265625 0.19921875 0.1484375
0 0.779296875 0.361328125 0.19921875 0.19921875
0 0.919921875 0.5234375 0.15234375 0.2109375
0 0.591796875 0.3671875 0.19921875 0.203125
0 0.373046875 0.560546875 0.21484375 0.21484375
0 0.185546875 0.546875 0.19140625 0.203125
0 0.076171875 0.29296875 0.15234375 0.1875
0 0.56640625 0.548828125 0.203125 0.19921875
0 0.736328125 0.72265625 0.19140625 0.1484375
0 0.759765625 0.548828125 0.20703125 0.20703125
0 0.41015625 0.2109375 0.1953125 0.1640625
0 0.91015625 0.705078125 0.171875 0.18359375