26 0.8842592592592593 0.7376302083333333 0.2314814814814814 0.33666087962962976
26 0.5475260416666667 0.16004774305555555 0.23842592592592604 0.3200954861111111
26 0.23574942129629628 0.5564959490740741 0.23104745370370372 0.34013310185185186
26 0.35170717592592593 0.20211226851851852 0.2426215277777778 0.3366608796296296
26 0.6940104166666667 0.7839988425925926 0.23871527777777768 0.3365162037037037
26 0.8156828703703705 0.42549189814814814 0.23871527777777768 0.3365162037037037
26 0.3051215277777778 0.8453414351851852 0.2294560185185185 0.29716435185185186
26 0.49790219907407407 0.8225549768518519 0.21860532407407418 0.32016782407407396
26 0.16746238425925924 0.244140625 0.2426215277777778 0.33666087962962965
26 0.43395543981481477 0.5217737268518519 0.23495370370370372 0.3402777777777777
26 0.6198640046296295 0.47186053240740744 0.23900462962962976 0.3443287037037037