26 0.15638020833333333 0.836617476851852 0.21171874999999996 0.3146122685185184
26 0.36979166666666663 0.17546296296296296 0.2075520833333333 0.31050347222222224
26 0.7601562500000001 0.4510706018518518 0.20052083333333348 0.3218171296296296
26 0.5716145833333334 0.15726273148148148 0.2119791666666666 0.31452546296296297
26 0.36015624999999996 0.8163194444444444 0.2080729166666666 0.3183159722222224
26 0.16588541666666665 0.5188657407407408 0.20807291666666666 0.3183159722222222
26 0.7563802083333333 0.7704716435185186 0.20052083333333348 0.3218171296296295
26 0.5604166666666667 0.7903645833333334 0.19166666666666665 0.305787037037037
26 0.7578125 0.14756944444444445 0.2119791666666666 0.2951388888888889
26 0.557421875 0.4849392361111111 0.20442708333333348 0.32201967592592595
26 0.3638020833333333 0.49887152777777777 0.2085937499999999 0.3261284722222222