26 0.197265625 0.166015625 0.17578125 0.30078125
26 0.3984375 0.810546875 0.171875 0.29296875
26 0.79296875 0.4921875 0.1640625 0.3046875
26 0.599609375 0.810546875 0.17578125 0.30078125
26 0.3984375 0.166015625 0.171875 0.30078125
26 0.19921875 0.486328125 0.171875 0.30078125
26 0.79296875 0.171875 0.1640625 0.3046875
26 0.59765625 0.171875 0.15625 0.2890625
26 0.787109375 0.810546875 0.17578125 0.30078125
26 0.591796875 0.48046875 0.16796875 0.3046875
26 0.3984375 0.486328125 0.171875 0.30859375