8 0.16665219907407408 0.31864872685185186 0.2021701388888889 0.21397569444444442
8 0.30162037037037037 0.34230324074074076 0.1557581018518518 0.2417534722222222
8 0.45425347222222223 0.37311921296296297 0.22193287037037024 0.23104745370370372
8 0.5918981481481482 0.4457465277777778 0.1674768518518519 0.24262152777777768
8 0.712037037037037 0.3902633101851852 0.15075231481481488 0.16724537037037035
8 0.6903935185185186 0.5096209490740741 0.1508680555555557 0.17505787037037046
8 0.8546875 0.5373987268518519 0.22934027777777777 0.20428240740740744
8 0.8396556712962963 0.7079716435185186 0.16380208333333335 0.25795717592592604
8 0.6511429398148149 0.6257233796296297 0.3197627314814815 0.25
8 0.6355324074074074 0.7572337962962963 0.3192997685185186 0.21875
8 0.44722222222222224 0.6886574074074074 0.19855324074074077 0.23321759259259256
8 0.48195891203703706 0.53125 0.15081018518518519 0.17115162037037046
8 0.3607494212962963 0.5144675925925926 0.17552083333333335 0.2588252314814814
8 0.19050925925925927 0.48039641203703703 0.2606481481481482 0.2105034722222222
8 0.21401909722222223 0.6187065972222222 0.18625578703703705 0.19328703703703698