8 0.128828125 0.3815625 0.168359375 0.1678515625
8 0.263671875 0.3671484375 0.1106640625 0.2097265625
8 0.4157421875 0.3526953125 0.184140625 0.180859375
8 0.5640625 0.3862109375 0.1199609375 0.2106640625
8 0.6677734375 0.29828125 0.126484375 0.1315234375
8 0.671953125 0.4224609375 0.1218359375 0.1399609375
8 0.8347265625 0.4019921875 0.1999609375 0.1492578125
8 0.8542578125 0.573671875 0.11625 0.224765625
8 0.656640625 0.5462109375 0.2864453125 0.1735546875
8 0.66640625 0.6797265625 0.29109375 0.1355078125
8 0.47109375 0.66625 0.1608984375 0.190390625
8 0.4738671875 0.5025 0.1218359375 0.1381640625
8 0.35296875 0.5192578125 0.129296875 0.2237890625
8 0.1827734375 0.533203125 0.2353125 0.1437890625
8 0.2325 0.6625390625 0.15625 0.1531640625