26 0.3776041666666667 0.27436342592592594 0.1875 0.1265046296296296
26 0.40234375 0.43243634259259256 0.1651041666666666 0.19930555555555562
26 0.49388020833333335 0.5880931712962962 0.1572916666666666 0.14050925925925917
26 0.55546875 0.6932002314814816 0.11406250000000018 0.1343749999999999
26 0.5078125 0.7906828703703703 0.10624999999999996 0.0755787037037039
26 0.3640625 0.8008680555555556 0.17812499999999998 0.16105324074074057
26 0.3561197916666667 0.937254050925926 0.11119791666666667 0.1254918981481481
26 0.275 0.3729166666666667 0.2979166666666666 0.14780092592592586
26 0.75078125 0.3505497685185185 0.11927083333333321 0.15410879629629637
26 0.6430989583333333 0.3782841435185185 0.11250000000000004 0.16932870370370368
26 0.7036458333333333 0.5284143518518518 0.11432291666666661 0.1382812499999999
26 0.69921875 0.8888020833333333 0.14375000000000004 0.170949074074074
26 0.5880208333333333 0.9104745370370371 0.16276041666666674 0.16414930555555562
26 0.6450520833333333 0.17259837962962962 0.22135416666666652 0.2839699074074074