26 0.25296875 0.6053125 0.1153125 0.1801171875
26 0.410625 0.5699609375 0.1925390625 0.1540234375
26 0.5612890625 0.469453125 0.1330078125 0.1465234375
26 0.6612890625 0.4010546875 0.128359375 0.1064453125
26 0.76078125 0.4419921875 0.070703125 0.1027734375
26 0.77984375 0.5834375 0.1534765625 0.1661328125
26 0.92734375 0.58109375 0.1452734375 0.101953125
26 0.3566796875 0.700234375 0.1330078125 0.288125
26 0.31109375 0.2289453125 0.1497265625 0.108203125
26 0.343203125 0.3340625 0.165546875 0.1026953125
26 0.49015625 0.263828125 0.1320703125 0.1035546875
26 0.849609375 0.244296875 0.1627734375 0.1314453125
26 0.87703125 0.3541015625 0.158125 0.1538671875
26 0.1394921875 0.3462109375 0.2753125 0.2050390625