26 0.7022135416666666 0.7042100694444444 0.2093750000000001 0.1567708333333333
26 0.626171875 0.5611545138888889 0.2020833333333334 0.22291666666666665
26 0.4868489583333333 0.437109375 0.1825520833333334 0.16397569444444438
26 0.3932291666666667 0.353125 0.13880208333333333 0.1513020833333334
26 0.40572916666666664 0.24722222222222223 0.11927083333333333 0.09236111111111112
26 0.5373697916666667 0.19735243055555557 0.2075520833333333 0.1879340277777778
26 0.49505208333333334 0.06753472222222222 0.13854166666666667 0.13506944444444444
26 0.76640625 0.5815104166666667 0.3213541666666666 0.1982638888888888
26 0.32291666666666663 0.7361111111111112 0.1479166666666667 0.17100694444444464
26 0.41497395833333334 0.6792968749999999 0.14479166666666665 0.18263888888888902
26 0.3087239583333333 0.5525607638888889 0.13906249999999998 0.1552083333333334
26 0.191796875 0.20698784722222222 0.1765625 0.1911458333333333
26 0.29010416666666666 0.15590277777777778 0.1919270833333333 0.18758680555555557
26 0.48151041666666666 0.8558159722222223 0.271875 0.27517361111111116