8 0.47387152777777775 0.111328125 0.2192997685185185 0.20703125
8 0.4194733796296296 0.23828125 0.23995949074074074 0.16015625
8 0.3582899305555556 0.380859375 0.2358506944444445 0.22265625
8 0.3414496527777778 0.533203125 0.24456018518518519 0.171875
8 0.22560763888888888 0.609375 0.16941550925925924 0.15625
8 0.3425491898148148 0.646484375 0.17699652777777775 0.15234375
8 0.2711371527777778 0.796875 0.2089699074074074 0.23046875
8 0.42942708333333335 0.861328125 0.2601851851851851 0.171875
8 0.46467013888888886 0.662109375 0.2572627314814815 0.3203125
8 0.5889612268518518 0.70703125 0.2260127314814815 0.3203125
8 0.6374131944444444 0.515625 0.23859953703703707 0.203125
8 0.47957175925925927 0.4765625 0.17309027777777775 0.15234375
8 0.5351128472222222 0.36328125 0.26087962962962963 0.18359375
8 0.6012442129629629 0.203125 0.21495949074074083 0.265625
8 0.7097800925925926 0.283203125 0.19884259259259274 0.19140625