2 0.6719328703703704 0.5435763888888889 0.38370949074074057 0.3354456018518519
2 0.40899884259259256 0.6178530092592592 0.34545717592592595 0.38897569444444446
2 0.21274594907407407 0.5436487268518518 0.21756365740740746 0.1899594907407407
2 0.36028645833333334 0.34480613425925927 0.39583333333333337 0.36313657407407407
2 0.8391059027777777 0.20658275462962963 0.17103587962962963 0.21200810185185187
2 0.6848090277777779 0.20201099537037037 0.20222800925925943 0.2090277777777778
2 0.6965422453703703 0.33327546296296295 0.4311053240740741 0.3719907407407408
2 0.12369791666666667 0.3083912037037037 0.24739583333333334 0.2652199074074074
2 0.1380787037037037 0.4398292824074074 0.21331018518518519 0.1664062500000001
2 0.6276765046296295 0.7611111111111111 0.24175347222222232 0.24143518518518503
2 0.46268807870370376 0.81875 0.18188657407407405 0.1537615740740741