2 0.6002314814814815 0.3816116898148148 0.24432870370370363 0.1714409722222222
2 0.4857349537037037 0.49114583333333334 0.14733796296296298 0.11536458333333333
2 0.34347511574074074 0.42854456018518516 0.18917824074074074 0.16281828703703716
2 0.356958912037037 0.524363425925926 0.16802662037037042 0.1351851851851853
2 0.3773292824074074 0.6046730324074074 0.18090277777777786 0.15489004629629632
2 0.3743923611111111 0.7197627314814814 0.20688657407407407 0.1982060185185186
2 0.4729890046296296 0.7700086805555555 0.28156828703703696 0.20711805555555562
2 0.7074363425925926 0.6759114583333333 0.2631944444444445 0.22635995370370376
2 0.6652054398148148 0.5230758101851851 0.2080439814814814 0.2177372685185186
2 0.6842881944444444 0.2852864583333333 0.18365162037037042 0.13541666666666663
2 0.4921875 0.2707320601851852 0.16342592592592586 0.12340856481481477
2 0.3608940972222222 0.32732928240740744 0.17905092592592586 0.12364004629629632