2 0.3278515625 0.444375 0.3357421875 0.271171875
2 0.5998828125 0.4099609375 0.284609375 0.3362890625
2 0.78171875 0.511796875 0.1906640625 0.153046875
2 0.60359375 0.6867578125 0.344140625 0.2983203125
2 0.106953125 0.7546484375 0.13578125 0.18859375
2 0.2604296875 0.7816015625 0.1711328125 0.1755859375
2 0.2697265625 0.65046875 0.379453125 0.2964453125
2 0.8444921875 0.757890625 0.234375 0.217421875
2 0.83890625 0.6253125 0.1897265625 0.127109375
2 0.4064453125 0.23828125 0.206484375 0.2049609375
2 0.5789453125 0.204765625 0.1608984375 0.1193359375