2 0.40889756944444444 0.31082175925925926 0.32491319444444455 0.38547453703703694
2 0.39674479166666665 0.5842592592592593 0.38159722222222214 0.34597800925925926
2 0.5123263888888889 0.7449363425925926 0.18498263888888888 0.21744791666666652
2 0.6734374999999999 0.5386429398148148 0.35277777777777786 0.3988136574074075
2 0.7015190972222223 0.06219618055555556 0.21024305555555545 0.12439236111111111
2 0.7399305555555555 0.18211805555555555 0.20381944444444455 0.20298032407407407
2 0.6098958333333333 0.21612413194444444 0.35824652777777777 0.4322482638888889
2 0.7608506944444444 0.7633246527777777 0.25755208333333335 0.2723958333333334
2 0.6294704861111111 0.7827980324074074 0.16154513888888888 0.21605902777777786
2 0.208984375 0.4259114583333333 0.2368055555555556 0.24389467592592595
2 0.18953993055555557 0.6004340277777778 0.14826388888888886 0.1802083333333333