2 0.40707465277777777 0.58984375 0.23741319444444442 0.15625
2 0.5586805555555556 0.529296875 0.14157986111111098 0.109375
2 0.6708767361111111 0.63671875 0.1825520833333334 0.15234375
2 0.6921875 0.544921875 0.16180555555555554 0.125
2 0.7041666666666666 0.462890625 0.17456597222222214 0.1484375
2 0.7503472222222223 0.359375 0.1958333333333333 0.1875
2 0.674609375 0.28125 0.27022569444444455 0.19140625
2 0.4169704861111111 0.28515625 0.25173611111111116 0.21484375
2 0.3984375 0.439453125 0.19687500000000002 0.2109375
2 0.290625 0.650390625 0.17743055555555554 0.125
2 0.46987847222222223 0.728515625 0.15737847222222223 0.11328125
2 0.6161024305555556 0.72265625 0.17300347222222223 0.11328125