2 0.3966796875 0.3926953125 0.21671875 0.1269140625
2 0.538515625 0.4769140625 0.124609375 0.090703125
2 0.66265625 0.3857421875 0.1571875 0.1278515625
2 0.673828125 0.4825 0.1423046875 0.1055859375
2 0.676171875 0.564375 0.146953125 0.1242578125
2 0.7091796875 0.676484375 0.164609375 0.1625
2 0.6240625 0.7425390625 0.243671875 0.156953125
2 0.370625 0.696484375 0.21296875 0.18390625
2 0.37203125 0.5401953125 0.1599609375 0.1875
2 0.2883203125 0.31359375 0.15625 0.10265625
2 0.4738671875 0.264296875 0.1404296875 0.0933203125
2 0.616640625 0.293125 0.158125 0.091484375