3 0.1027734375 0.392734375 0.090234375 0.244140625
3 0.246484375 0.3852734375 0.1320703125 0.2311328125
3 0.3962109375 0.3685546875 0.1041796875 0.27203125
3 0.558515625 0.36203125 0.1608984375 0.244140625
3 0.76078125 0.3871484375 0.1525390625 0.27578125
3 0.8440234375 0.696484375 0.1701953125 0.232265625
3 0.656171875 0.6551171875 0.1330078125 0.268515625
3 0.480859375 0.6216015625 0.106015625 0.2610546875
3 0.3334375 0.6616015625 0.13671875 0.2555078125
3 0.17484375 0.637421875 0.1301953125 0.1959375
3 0.907734375 0.3978515625 0.070703125 0.267421875