3 0.69921875 0.8800925925925926 0.2578125 0.15217013888888875
3 0.673828125 0.7387152777777778 0.25390625 0.19111689814814814
3 0.65234375 0.5876880787037038 0.2890625 0.17653356481481497
3 0.62109375 0.42855902777777777 0.2734375 0.22294560185185186
3 0.546875 0.23495370370370372 0.3046875 0.22387152777777775
3 0.224609375 0.2214988425925926 0.265625 0.23052662037037036
3 0.3125 0.39402488425925924 0.29296875 0.20399305555555558
3 0.38671875 0.5602864583333333 0.28125 0.1723958333333333
3 0.3828125 0.7125144675925926 0.28125 0.2036458333333333
3 0.4453125 0.8608506944444445 0.21875 0.1783564814814813
3 0.5 0.09489293981481481 0.2734375 0.14091435185185186