3 0.8714554398148149 0.359375 0.11863425925925908 0.25
3 0.7287326388888888 0.36328125 0.16131365740740744 0.2421875
3 0.5784143518518519 0.361328125 0.13932291666666674 0.28125
3 0.41608796296296297 0.3671875 0.18909143518518523 0.25390625
3 0.2133246527777778 0.41015625 0.1864872685185185 0.2890625
3 0.1469184027777778 0.7265625 0.20052083333333337 0.24609375
3 0.33268229166666663 0.66796875 0.16666666666666674 0.28125
3 0.5063657407407407 0.619140625 0.13888888888888884 0.26953125
3 0.6557436342592593 0.646484375 0.1699942129629628 0.265625
3 0.8114872685185186 0.607421875 0.15219907407407396 0.20703125
3 0.06792534722222221 0.43359375 0.1037326388888889 0.26953125