22 0.5772569444444444 0.39308449074074076 0.23428819444444438 0.44545717592592593
22 0.7758246527777777 0.28305844907407407 0.4144965277777777 0.28833912037037035
22 0.834765625 0.3654513888888889 0.28871527777777795 0.17838541666666663
22 0.7075520833333333 0.6307146990740741 0.35772569444444446 0.4149305555555556
22 0.5711371527777778 0.5747974537037037 0.5890625 0.267505787037037
22 0.3199652777777778 0.7239583333333333 0.3916666666666667 0.38888888888888884
22 0.5502604166666667 0.736400462962963 0.4156249999999999 0.22598379629629628
22 0.12065972222222221 0.806568287037037 0.22196180555555556 0.16811342592592604
22 0.3969184027777778 0.3570601851851852 0.18342013888888897 0.35387731481481477
22 0.14448784722222222 0.49052372685185186 0.25625000000000003 0.1498842592592593
22 0.18198784722222222 0.35105613425925924 0.34253472222222225 0.3363715277777778