22 0.6068359375 0.61953125 0.1726171875 0.4233203125
22 0.809765625 0.714921875 0.38046875 0.234375
22 0.8651953125 0.63046875 0.269609375 0.1380859375
22 0.7235546875 0.3729296875 0.3025 0.3697265625
22 0.59046875 0.4383203125 0.5632421875 0.188046875
22 0.329765625 0.305703125 0.3415625 0.3406640625
22 0.558671875 0.2770703125 0.390625 0.1726171875
22 0.1271875 0.237109375 0.2034765625 0.14171875
22 0.42921875 0.666796875 0.13171875 0.3361328125
22 0.1698828125 0.5500390625 0.23984375 0.1153515625
22 0.2139453125 0.6876953125 0.300703125 0.2925