22 0.6008246527777777 0.6044270833333334 0.29357638888888893 0.4713541666666665
22 0.779296875 0.74140625 0.44019097222222214 0.3526041666666666
22 0.8487196180555556 0.6680989583333333 0.30256076388888875 0.22682291666666665
22 0.767404513888889 0.38567708333333334 0.4061631944444444 0.46328125
22 0.6240885416666666 0.42265625 0.6083333333333334 0.3677083333333334
22 0.3986979166666667 0.24375 0.4365451388888889 0.44583333333333336
22 0.6266493055555555 0.2598958333333333 0.4336805555555556 0.29374999999999996
22 0.21362847222222223 0.13463541666666667 0.24270833333333336 0.203125
22 0.41723090277777775 0.6166666666666667 0.23081597222222228 0.3736979166666665
22 0.18854166666666666 0.45169270833333336 0.26953125 0.19322916666666667
22 0.20659722222222224 0.5934895833333333 0.3753472222222222 0.3833333333333333