7 0.343828125 0.8071484375 0.095390625 0.0935546875
7 0.466015625 0.828046875 0.0890234375 0.0844921875
7 0.559140625 0.8171484375 0.0862890625 0.089921875
7 0.6726953125 0.823046875 0.095390625 0.1035546875
7 0.7658203125 0.81078125 0.0890234375 0.104453125
7 0.7708203125 0.9198046875 0.1080859375 0.1135546875
7 0.67359375 0.925234375 0.1171875 0.1008203125
7 0.5627734375 0.9198046875 0.0971875 0.1153515625
7 0.45375 0.9220703125 0.088125 0.090859375
7 0.339765625 0.9270703125 0.1071875 0.0935546875
7 0.2375390625 0.925234375 0.0990234375 0.1080859375
7 0.2502734375 0.8116796875 0.0935546875 0.1062890625