7 0.2521267361111111 0.26772280092592593 0.11663773148148149 0.11412037037037037
7 0.20274884259259257 0.3813946759259259 0.10870949074074077 0.11015624999999996
7 0.19375 0.47327835648148153 0.11249999999999999 0.10627893518518516
7 0.16177662037037038 0.5809606481481482 0.1284722222222222 0.11811342592592577
7 0.15088252314814815 0.6748119212962963 0.1283564814814815 0.114207175925926
7 0.06430844907407407 0.6539641203703703 0.09389467592592593 0.13738425925925934
7 0.06928530092592593 0.558203125 0.10963541666666668 0.14140624999999996
7 0.09149305555555556 0.45059317129629634 0.1404224537037037 0.1260127314814815
7 0.11571180555555556 0.344921875 0.11261574074074074 0.11018518518518516
7 0.13585069444444445 0.23342013888888888 0.12089120370370371 0.12586805555555552
7 0.16030092592592593 0.1355613425925926 0.13640046296296293 0.1220775462962963
7 0.26893807870370373 0.17578125 0.1284722222222222 0.11811342592592594