7 0.588599537037037 0.19418402777777777 0.11018518518518516 0.1142361111111111
7 0.46357060185185184 0.19253472222222223 0.10622106481481475 0.10624999999999996
7 0.3754484953703704 0.21987847222222223 0.10234374999999996 0.10998263888888893
7 0.26399016203703707 0.23250868055555557 0.11417824074074079 0.12612847222222223
7 0.17391493055555557 0.259765625 0.11027199074074073 0.1259548611111111
7 0.14539930555555555 0.15299479166666666 0.1298900462962963 0.13854166666666667
7 0.24130497685185187 0.12990451388888888 0.13764467592592589 0.1310763888888889
7 0.3508101851851852 0.1171875 0.12210648148148151 0.14210069444444445
7 0.4584056712962963 0.09852430555555555 0.10624999999999996 0.11015625000000001
7 0.56796875 0.07799479166666667 0.12187499999999996 0.11085069444444445
7 0.6676215277777777 0.0765625 0.11788194444444455 0.09895833333333331
7 0.6786313657407408 0.17278645833333334 0.11417824074074057 0.12612847222222223