5 0.6823640046296297 0.34262152777777777 0.20642361111111107 0.23168402777777786
5 0.6540075231481481 0.5365451388888889 0.20636574074074066 0.22777777777777786
5 0.6313946759259259 0.7229166666666667 0.20642361111111107 0.23168402777777786
5 0.34172453703703703 0.6690538194444444 0.20636574074074077 0.22777777777777786
5 0.47627314814814814 0.7921440972222222 0.2143518518518519 0.2398437499999999
5 0.5194010416666667 0.4095486111111111 0.20245949074074066 0.22760416666666672
5 0.49874131944444444 0.5960069444444445 0.19074074074074066 0.2270833333333333
5 0.3812355324074074 0.30581597222222223 0.19068287037037046 0.2231770833333333
5 0.5536747685185186 0.21979166666666666 0.20636574074074066 0.22777777777777775
5 0.35471643518518514 0.49201388888888886 0.19062500000000004 0.2192708333333333
5 0.31919849537037037 0.8612847222222222 0.2103877314814815 0.23576388888888888