5 0.5926070601851852 0.7631510416666667 0.2143518518518519 0.2398437499999999
5 0.6325810185185186 0.5714409722222222 0.2142939814814815 0.2359374999999999
5 0.6763454861111111 0.3877170138888889 0.2143518518518519 0.2398437499999999
5 0.39013310185185185 0.3144097222222222 0.2142939814814815 0.2359374999999999
5 0.5571035879629629 0.25733506944444445 0.21831597222222232 0.24392361111111105
5 0.46555266203703705 0.632421875 0.21032986111111107 0.23185763888888888
5 0.5092881944444445 0.4506510416666667 0.19861111111111107 0.23133680555555558
5 0.30277777777777776 0.6701388888888888 0.19855324074074077 0.22743055555555536
5 0.43146701388888886 0.822439236111111 0.2142939814814815 0.2359374999999999
5 0.34068287037037037 0.48615451388888886 0.19458912037037035 0.22335069444444455
5 0.43389756944444446 0.1306857638888889 0.21814236111111107 0.2322048611111111