17 0.32103587962962965 0.1531684027777778 0.27358217592592593 0.22664930555555557
17 0.44502314814814814 0.8727430555555555 0.22612847222222232 0.2089409722222222
17 0.7555700231481481 0.6224392361111111 0.20905671296296302 0.16918402777777786
17 0.6566840277777778 0.2287326388888889 0.23307291666666674 0.18585069444444446
17 0.29477719907407407 0.3867621527777778 0.30078125 0.22395833333333326
17 0.548900462962963 0.49782986111111105 0.20081018518518512 0.15711805555555558
17 0.36205150462962965 0.5775607638888889 0.1508969907407407 0.17829861111111112
21 0.2456597222222222 0.8149739583333333 0.2113715277777778 0.23168402777777786
21 0.21708622685185186 0.6356770833333334 0.20341435185185186 0.22743055555555536
21 0.2738715277777778 0.9425347222222222 0.16869212962962954 0.11493055555555554
17 0.6121961805555556 0.42630208333333336 0.22829861111111116 0.16223958333333333