17 0.123046875 0.634765625 0.19140625 0.24609375
17 0.84765625 0.560546875 0.1796875 0.19921875
17 0.6171875 0.234375 0.140625 0.1875
17 0.21875 0.3046875 0.15625 0.2109375
17 0.354296875 0.678125 0.1853125 0.2734375
17 0.480546875 0.4315234375 0.128984375 0.1853125
17 0.5487109375 0.6231640625 0.1598828125 0.1308203125
21 0.77671875 0.7558203125 0.2016796875 0.1853125
21 0.5968359375 0.7721484375 0.2016796875 0.17625
21 0.9310546875 0.7371875 0.137890625 0.15171875
17 0.4115234375 0.363359375 0.134453125 0.212578125