17 0.8955729166666666 0.5536892361111111 0.20885416666666679 0.27601273148148153
17 0.1775607638888889 0.6025607638888889 0.21197916666666666 0.22879050925925926
17 0.3532986111111111 0.2436053240740741 0.16866319444444444 0.2118923611111111
17 0.7578993055555556 0.24529803240740738 0.18871527777777786 0.23590856481481481
17 0.6845052083333334 0.6364004629629629 0.22534722222222214 0.30335648148148153
17 0.5193142361111112 0.4145833333333333 0.1567708333333333 0.20373263888888893
17 0.48272569444444446 0.6150173611111112 0.17907986111111107 0.15364583333333348
21 0.279296875 0.7832609953703704 0.23124999999999996 0.21765046296296298
21 0.45881076388888886 0.7701244212962963 0.23107638888888893 0.20983796296296298
21 0.12313368055555556 0.791796875 0.1599826388888889 0.17259837962962976
17 0.576171875 0.3347222222222222 0.16519097222222223 0.23130787037037037