23 0.185546875 0.1633984375 0.33015625 0.3119140625
23 0.48828125 0.135 0.418515625 0.27
23 0.4919921875 0.3136328125 0.381328125 0.240390625
23 0.4938671875 0.50484375 0.437109375 0.2916796875
23 0.480859375 0.6653515625 0.4445703125 0.3076171875
23 0.466875 0.8295703125 0.4538671875 0.2751953125
23 0.81890625 0.70671875 0.3357421875 0.2416015625
23 0.7970703125 0.52390625 0.3255078125 0.24796875
23 0.8235546875 0.3196875 0.33390625 0.2524609375
23 0.7858984375 0.13546875 0.3738671875 0.2709375
23 0.1399609375 0.6834765625 0.2799609375 0.291796875
23 0.15578125 0.5183203125 0.2706640625 0.296328125