21 0.13484375 0.2615234375 0.2101953125 0.22171875
21 0.378984375 0.2643359375 0.19625 0.234765625
21 0.617109375 0.2615234375 0.207421875 0.2291796875
21 0.850546875 0.25921875 0.2316015625 0.22453125
21 0.851015625 0.4899609375 0.2287890625 0.2209765625
21 0.848203125 0.7313671875 0.2604296875 0.2016015625
21 0.613828125 0.5025 0.2008984375 0.234921875
21 0.6096484375 0.7327734375 0.2111328125 0.2006640625
21 0.381328125 0.7216015625 0.2120703125 0.22671875
21 0.3696875 0.495546875 0.1999609375 0.235859375
21 0.146484375 0.5034375 0.203671875 0.2181640625
21 0.129296875 0.7327734375 0.23625 0.2118359375