27 0.5764322916666667 0.4220920138888889 0.13072916666666679 0.08871527777777777
27 0.29270833333333335 0.34843749999999996 0.22890624999999998 0.09869791666666661
27 0.282421875 0.4149739583333333 0.22864583333333333 0.09479166666666661
27 0.2765625 0.4736111111111111 0.22838541666666667 0.09088541666666661
27 0.27838541666666666 0.5340277777777778 0.2638020833333333 0.09557291666666679
27 0.31901041666666663 0.30494791666666665 0.2416666666666667 0.11458333333333337
27 0.2846354166666667 0.5865451388888889 0.2890625 0.12343750000000009
27 0.5709635416666667 0.24084201388888887 0.06822916666666679 0.08732638888888888
27 0.592578125 0.5016927083333333 0.08697916666666661 0.07604166666666656
27 0.6813802083333333 0.36905381944444443 0.15052083333333321 0.09305555555555556
27 0.5040364583333333 0.6596788194444445 0.0942708333333333 0.06840277777777759