27 0.599609375 0.4163628472222222 0.12109375 0.08081597222222225
27 0.306640625 0.3623263888888889 0.21875 0.0829861111111111
27 0.3046875 0.4268229166666667 0.22265625 0.07916666666666661
27 0.306640625 0.4873263888888889 0.22265625 0.07526041666666661
27 0.318359375 0.5476128472222221 0.2578125 0.07604166666666679
27 0.326171875 0.3169704861111111 0.23046875 0.09887152777777775
27 0.330078125 0.5981336805555555 0.27734375 0.10381944444444446
27 0.572265625 0.2353298611111111 0.05859375 0.08333333333333337
27 0.626953125 0.49192708333333335 0.078125 0.07204861111111116
27 0.697265625 0.3536458333333333 0.140625 0.08125000000000004
27 0.560546875 0.6555121527777777 0.08984375 0.06449652777777781