23 0.8325520833333333 0.2705150462962963 0.3291666666666666 0.38298611111111114
23 0.8160156249999999 0.5773582175925925 0.3268229166666665 0.46461226851851856
23 0.651171875 0.551171875 0.3125 0.42494212962962963
23 0.46315104166666665 0.5198640046296297 0.375 0.48657407407407405
23 0.3071614583333333 0.47845775462962964 0.39140624999999996 0.4991030092592593
23 0.16373697916666666 0.43684895833333337 0.3274739583333333 0.5013888888888889
23 0.203125 0.8042824074074074 0.30546874999999996 0.3778645833333334
23 0.388671875 0.8139033564814815 0.30859375 0.36634837962962963
23 0.583203125 0.8447916666666666 0.3153645833333334 0.3104166666666668
23 0.7739583333333333 0.8299189814814815 0.3374999999999999 0.34016203703703707
23 0.3520833333333333 0.1574074074074074 0.3427083333333334 0.2941550925925926
23 0.5149739583333334 0.18349247685185185 0.34843749999999996 0.32170138888888894