21 0.3322048611111111 0.8874131944444444 0.25503472222222223 0.22517361111111112
21 0.29769965277777777 0.6544415509259259 0.26284722222222223 0.2284722222222222
21 0.25733506944444445 0.4198061342592593 0.2631076388888889 0.2401909722222222
21 0.21705729166666665 0.1890769675925926 0.2596354166666667 0.25969328703703703
21 0.4447916666666667 0.15561342592592595 0.25963541666666656 0.25969328703703703
21 0.6806857638888889 0.13783275462962963 0.2441840277777778 0.26739004629629626
21 0.494921875 0.39032118055555554 0.26684027777777775 0.2324074074074074
21 0.7228298611111111 0.3646701388888889 0.23185763888888888 0.23995949074074074
21 0.7474392361111111 0.5933304398148148 0.2592881944444443 0.24406828703703698
21 0.5276909722222223 0.6346643518518519 0.26684027777777786 0.2324074074074074
21 0.5716145833333333 0.8537037037037036 0.25121527777777786 0.23229166666666679
21 0.7998263888888889 0.841724537037037 0.2480034722222222 0.2635127314814816