27 0.4834346064814815 0.5020399305555555 0.673755787037037 0.995920138888889
27 0.5888310185185186 0.6210069444444444 0.10923032407407396 0.10390625000000009
27 0.5533130787037037 0.5244357638888889 0.1128472222222221 0.09618055555555549
27 0.5133101851851851 0.44340277777777776 0.11675347222222232 0.09626736111111112
27 0.53125 0.38125 0.11313657407407396 0.10399305555555549
27 0.5320457175925926 0.25421006944444446 0.09418402777777768 0.11918402777777781
27 0.4574652777777778 0.20954861111111112 0.09403935185185186 0.11527777777777781
27 0.38932291666666663 0.7827256944444445 0.0923032407407407 0.06840277777777759
27 0.45023148148148145 0.7215277777777778 0.10474537037037035 0.08819444444444446
27 0.3643663194444444 0.5593315972222223 0.09389467592592593 0.11137152777777781
27 0.27734375 0.27005208333333336 0.10908564814814814 0.09999999999999998
27 0.2777777777777778 0.6805555555555556 0.08579282407407407 0.10338541666666679
27 0.26924189814814814 0.9110243055555556 0.07132523148148151 0.1342881944444443