21 0.1418359375 0.1308203125 0.168359375 0.1648828125
21 0.379921875 0.1480078125 0.168359375 0.1769921875
21 0.62265625 0.1294140625 0.1516015625 0.158359375
21 0.850078125 0.1387109375 0.163671875 0.158359375
21 0.8566015625 0.369453125 0.1804296875 0.1696875
21 0.8523828125 0.6211328125 0.1608984375 0.1559375
21 0.6124609375 0.3745703125 0.186953125 0.179921875
21 0.3762109375 0.368515625 0.183203125 0.2050390625
21 0.145546875 0.3819921875 0.194375 0.1762109375
21 0.148828125 0.6225 0.17484375 0.1698828125
21 0.379921875 0.615078125 0.164609375 0.1810546875
21 0.1506640625 0.85 0.163671875 0.1747265625
21 0.381328125 0.8555859375 0.1711328125 0.167265625
21 0.6208203125 0.8565234375 0.1925390625 0.187734375
21 0.8528515625 0.8546484375 0.187890625 0.19890625