27 0.4701678240740741 0.5 0.7081018518518518 1
27 0.3744791666666667 0.38671875 0.11484374999999991 0.10546875
27 0.40261863425925926 0.484375 0.11834490740740744 0.09765625
27 0.43742766203703703 0.56640625 0.1220486111111111 0.09375
27 0.4166087962962963 0.62890625 0.11874999999999991 0.10546875
27 0.4061197916666667 0.755859375 0.09612268518518519 0.12109375
27 0.4780092592592593 0.80078125 0.09592013888888884 0.1171875
27 0.5836516203703703 0.232421875 0.09739583333333335 0.0703125
27 0.5200665509259259 0.291015625 0.11012731481481475 0.08984375
27 0.5935908564814815 0.455078125 0.0996238425925926 0.11328125
27 0.6623842592592593 0.748046875 0.11464120370370368 0.1015625
27 0.6895109953703704 0.337890625 0.09140624999999991 0.10546875
27 0.7131799768518519 0.107421875 0.07349537037037046 0.13671875