27 0.501875 0.500703125 0.9962890625 0.6219921875
27 0.39015625 0.389921875 0.1032421875 0.1064453125
27 0.48640625 0.427578125 0.0948828125 0.107421875
27 0.56875 0.468984375 0.088359375 0.112109375
27 0.6305859375 0.4526953125 0.1004296875 0.109296875
27 0.7570703125 0.4555078125 0.1190625 0.0851171875
27 0.80171875 0.529453125 0.1116015625 0.08421875
27 0.2283203125 0.5852734375 0.066015625 0.09171875
27 0.2892578125 0.5271484375 0.087421875 0.1019140625
27 0.45109375 0.6155078125 0.109765625 0.0889453125
27 0.73984375 0.7094921875 0.09953125 0.1057421875
27 0.33015625 0.7020703125 0.1023046875 0.0834375
27 0.1004296875 0.70578125 0.1339453125 0.06109375