21 0.9029513888888889 0.7369791666666666 0.19409722222222214 0.26875000000000004
21 0.6933159722222222 0.75859375 0.244039351851852 0.27708333333333335
21 0.4609664351851852 0.78203125 0.25575810185185177 0.2778645833333333
21 0.232421875 0.8037760416666666 0.27508680555555554 0.2752604166666668
21 0.18356481481481482 0.5747395833333333 0.2750868055555556 0.2752604166666668
21 0.1496238425925926 0.33307291666666666 0.27818287037037037 0.2598958333333333
21 0.4154079861111111 0.5415364583333333 0.24794560185185188 0.27734375
21 0.37035590277777775 0.31080729166666665 0.25023148148148144 0.24635416666666665
21 0.59765625 0.3026041666666667 0.25555555555555554 0.2739583333333333
21 0.6539207175925925 0.5243489583333333 0.247945601851852 0.27734375
21 0.8705439814814815 0.4979166666666667 0.2471354166666666 0.26171875
21 0.8411168981481482 0.2682291666666667 0.2783854166666666 0.2638020833333333