27 0.4255078125 0.4015234375 0.0734765625 0.1185546875
27 0.3752734375 0.697421875 0.069765625 0.215546875
27 0.441796875 0.697890625 0.0651171875 0.2201953125
27 0.5008203125 0.6927734375 0.0641796875 0.2173828125
27 0.5598828125 0.678828125 0.0632421875 0.252734375
27 0.330625 0.678828125 0.0846484375 0.2266796875
27 0.6105859375 0.66625 0.090234375 0.272265625
27 0.245546875 0.436875 0.0818359375 0.0553125
27 0.5012890625 0.3736328125 0.0651171875 0.0738671875
27 0.3641015625 0.306640625 0.0734765625 0.137109375
27 0.6659375 0.4331640625 0.05953125 0.085078125