21 0.8640625 0.8335792824074074 0.1812499999999999 0.20917245370370363
21 0.6408854166666667 0.8576099537037037 0.2171875000000001 0.22297453703703707
21 0.40364583333333337 0.9074797453703703 0.1963541666666666 0.1850405092592593
21 0.17708333333333334 0.9221354166666667 0.20625 0.1557291666666667
21 0.13450520833333332 0.7177951388888889 0.22447916666666662 0.21562499999999996
21 0.10104166666666667 0.46869212962962964 0.20208333333333334 0.19884259259259263
21 0.3748697916666667 0.6712528935185185 0.2372395833333334 0.2319444444444443
21 0.6084635416666667 0.6380353009259259 0.23854166666666665 0.2514756944444443
21 0.8354166666666667 0.5867766203703704 0.24479166666666652 0.2285011574074074
21 0.7944010416666667 0.3490451388888889 0.22447916666666679 0.21562499999999996
21 0.5657552083333333 0.3962818287037037 0.2132812500000001 0.2227430555555555
21 0.7536458333333333 0.13682002314814815 0.2114583333333333 0.19539930555555557
21 0.5266927083333333 0.15866608796296294 0.22057291666666679 0.2153935185185185
21 0.28880208333333335 0.19751157407407408 0.2455729166666667 0.24021990740740745
21 0.08997395833333334 0.23602430555555556 0.17994791666666668 0.24548611111111113