23 0.7744357638888888 0.8476996527777778 0.3589409722222223 0.3046006944444444
23 0.8372395833333333 0.5944010416666666 0.31076388888888884 0.46258680555555554
23 0.6717881944444444 0.5616319444444444 0.2942708333333335 0.4228298611111112
23 0.48485243055555555 0.5279079861111111 0.35416666666666663 0.4840277777777777
23 0.3209201388888889 0.5147569444444444 0.3700520833333333 0.4964409722222223
23 0.16323784722222223 0.4996527777777778 0.32647569444444446 0.4989583333333333
23 0.3282552083333333 0.18467881944444445 0.28880208333333335 0.35234375
23 0.5091579861111111 0.22595486111111113 0.29296875 0.3642361111111111
23 0.7143229166666667 0.23116319444444444 0.30095486111111125 0.37239583333333337
23 0.8633246527777778 0.3003472222222222 0.27074652777777786 0.4178819444444444
23 0.2568576388888889 0.8404079861111111 0.33125000000000004 0.31918402777777777
23 0.4227430555555556 0.8499131944444445 0.3348958333333334 0.30017361111111107