21 0.9024884259259259 0.8881944444444445 0.17647569444444433 0.16779513888888875
21 0.6632957175925926 0.8653211805555556 0.17708333333333348 0.17951388888888875
21 0.42212094907407405 0.8794704861111111 0.1606481481481481 0.1635416666666667
21 0.19505208333333335 0.8646701388888889 0.1723668981481481 0.16380208333333335
21 0.17528935185185185 0.6340277777777779 0.1883969907407408 0.17196180555555562
21 0.16808449074074072 0.38220486111111107 0.16825810185185186 0.15980902777777772
21 0.4191261574074074 0.63359375 0.1968171296296296 0.18385416666666665
21 0.6557581018518519 0.644704861111111 0.19412615740740735 0.20720486111111125
21 0.8855179398148147 0.6361545138888889 0.20442708333333348 0.18012152777777768
21 0.8711082175925926 0.3958767361111111 0.1844907407407408 0.171875
21 0.6390914351851852 0.39852430555555557 0.17337962962962972 0.18333333333333335
21 0.8574074074074074 0.16927083333333331 0.17317708333333326 0.17942708333333335
21 0.6266348379629629 0.15828993055555557 0.18058449074074057 0.17178819444444443
21 0.3862991898148148 0.1509982638888889 0.2011284722222222 0.19175347222222222
21 0.153978587962963 0.14778645833333334 0.19782986111111112 0.20338541666666665